4294967278,362
4294967278,195
4294967278,194
4294967279,194
4294967279,453
4294967279,410
4294967279,192
4294967278,388
4294967278,358
4294967278,36
4294967278,34
4294967278,33
4294967278,32
4294967278,31
4294967278,29
4294967278,28
4294967278,26
4294967278,25
4294967278,24
4294967278,23
4294967278,21
4294967278,20
4294967278,9
4294967278,8
4294967278,6
4294967278,5
4294967279,131
4294967279,129
4294967279,128
4294967279,127
4294967279,126
4294967279,124
4294967279,120
4294967279,118
4294967279,117
4294967279,116
4294967279,115
4294967279,114
4294967279,113
4294967279,112
4294967279,111
4294967279,110
4294967279,109
4294967279,108
4294967279,107
4294967279,106
4294967279,105
4294967279,104
4294967279,103
4294967279,102
4294967279,101
4294967279,100
4294967279,99
4294967279,98
4294967279,97
4294967279,96
4294967279,95
4294967279,94
4294967279,93
4294967279,92
4294967279,91
4294967279,90
4294967279,89
4294967279,87
4294967279,86
4294967279,85
4294967279,84
4294967279,83
4294967279,82
4294967279,81
4294967279,80
4294967279,79
4294967279,78
4294967279,74
4294967279,72
4294967279,71
4294967279,70
4294967279,69
4294967279,67
4294967279,63
4294967279,61
4294967279,43
4294967279,40
4294967279,260
4294967279,29
4294967279,27
4294967279,26
4294967279,23
4294967279,22
4294967279,77
4294967279,440
4294967278,381
4294967279,68
4294967279,76
4294967279,385
4294967279,75
4294967294,436
4294967279,73
4294967279,187
4294967278,185
4294967279,186
109,5
109,4
109,3
109,2
109,1
4294967278,313
4294967279,66
4294967278,312
4294967279,65
4294967279,316
4294967278,395
4294967278,347
4294967279,64
4294967279,315
4294967278,309
4294967279,62
4294967279,312
108,5
108,4
108,3
108,2
108,1
4294967279,165
4294967279,160
107,5
107,4
107,3
107,2
107,1
4294967279,452
4294967279,153
4294967278,152
104,4
104,3
104,2
104,1
4294967279,409
4294967279,151
4294967278,150
4294967279,150
4294967278,149
4294967294,388
4294967278,148
4294967279,146
4294967279,407
4294967278,143
4294967278,30
4294967279,141
4294967279,298
4294967278,138
4294967278,294
4294967279,406
4294967294,395
4294967294,417
4294967294,179
4294967294,405
4294967294,418
4294967294,423
4294967294,384
4294967294,981
4294967294,459
4294967294,108
4294967294,189
4294967294,451
4294967278,278
4294967279,296
4294967294,165
4294967278,134
4294967278,287
4294967279,295
4294967279,294
4294967278,274
4294967278,35
4294967278,286
4294967279,405
4294967278,270
4294967278,290
4294967279,268
4294967279,286
4294967278,288
4294967278,27
4294967278,22
4294967278,19
4294967278,18
4294967278,17
4294967278,16
4294967278,15
4294967278,14
4294967278,13
4294967278,12
4294967278,11
4294967278,7
4294967278,4
4294967279,25
4294967279,20
4294967279,19
4294967279,18
4294967279,15
4294967279,13
4294967279,12
4294967279,11
4294967278,10
4294967279,264
4294967278,279
4294967279,451
4294967279,9
4294967278,293
4294967278,261
4294967278,259
4294967279,259
4294967279,281
4294967278,338
102,5
4294967279,403
102,4
102,2
102,1
4294967279,402
4294967279,125
4294967279,256
4294967279,445
4294967279,248
101,5
101,4
101,2
101,1
4294967278,247
4294967278,244
4294967278,239
4294967279,238
4294967294,1424
4294967294,1423
4294967278,237
4294967278,384
4294967279,237
4294967279,389
4294967279,235
4294967279,233
4294967278,227
4294967278,231
100,5
4294967279,231
100,4
100,2
100,1
4294967279,229
4294967278,225
4294967279,225
4294967278,223
4294967279,223
4294967278,221
4294967279,221
4294967278,219
4294967279,219
4294967279,398
4294967278,217
4294967279,217
4294967279,277
97,4
4294967278,214
97,3
97,2
97,1
4294967278,328
4294967279,215
4294967278,213
4294967279,214
4294967278,212
4294967279,213
4294967278,211
4294967279,212
4294967278,367
4294967278,208
4294967279,450
4294967279,444
4294967279,207
4294967279,390
4294967278,324
4294967278,216
4294967279,443
4294967279,449
4294967278,323
4294967279,387
4294967279,388
4294967278,322
4294967294,115
4294967279,442
4294967278,363
4294967279,132
4294967279,130
4294967279,123
4294967279,122
4294967279,121
4294967279,119
4294967278,361
4294967278,394
4294967279,448
4294967279,421
4294967278,191
4294967278,319
4294967278,186
4294967278,188
95,5
95,4
4294967278,187
95,2
95,1
4294967279,188
4294967278,181
94,5
94,4
4294967279,178
94,2
94,1
4294967279,314
4294967278,176
4294967294,399
4294967294,148
4294967294,167
4294967294,183
4294967294,454
4294967294,160
4294967294,180
4294967294,458
4294967294,110
4294967278,379
4294967279,417
4294967278,170
4294967279,171
4294967278,169
4294967279,170
4294967279,168
4294967278,164
4294967278,166
93,5
4294967279,167
93,4
4294967278,165
93,2
93,1
4294967279,166
4294967278,163
4294967279,164
92,4
4294967278,162
92,3
92,2
92,1
4294967279,163
4294967278,161
4294967279,162
4294967278,160
4294967279,161
4294967279,413
4294967278,159
4294967278,158
4294967279,159
90,4
4294967278,157
90,3
90,2
90,1
4294967279,158
4294967278,156
4294967279,156
4294967278,155
4294967279,155
4294967279,304
4294967278,154
4294967294,469
4294967279,154
4294967278,151
4294967278,300
4294967279,302
4294967279,149
4294967278,348
4294967279,436
4294967278,393
4294967278,375
4294967279,435
4294967278,298
4294967294,392
4294967294,389
4294967294,390
4294967294,114
4294967279,144
4294967294,1038
4294967294,1032
4294967278,295
4294967294,1422
4294967279,297
3,4
4294967278,132
4294967278,131
4294967278,130
4294967278,129
4294967278,128
